0 0.026842
0.1 0.0700943
0.2 0.155164
0.3 0.22907
0.4 0.265224
0.5 0.286112
0.6 0.292102
0.7 0.287092
0.8 0.272675
0.9 0.264268
1 0.524247
1.1 0.217909
1.2 0.179728
1.3 0.174939
1.4 0.166391
1.5 0.176658
1.6 0.182225
1.7 0.180834
1.8 0.178698
1.9 0.186312
2 0.190511
2.1 0.115358
2.2 0.109366
2.3 0.112869
2.4 0.124436
2.5 0.137364
2.6 0.132197
2.7 0.130696
2.8 0.143372
2.9 0.155834
3 0.171337
3.1 0.117997
3.2 0.113938
3.3 0.110595
3.4 0.112663
3.5 0.114614
3.6 0.120414
3.7 0.128742
3.8 0.139939
3.9 0.145837
4 0.129282
4.1 0.0934756
4.2 0.0881589
4.3 0.0899105
4.4 0.0869872
4.5 0.085732
4.6 0.0887578
4.7 0.0909151
4.8 0.0919061
4.9 0.0852519
5 0.0695488
5.1 0.0644756
5.2 0.063239
5.3 0.0614761
5.4 0.0587238
5.5 0.0559477
5.6 0.0542143
5.7 0.0538886
5.8 0.0544619
5.9 0.0544285
6 0.0547301
6.1 0.0543775
6.2 0.0537412
6.3 0.050752
6.4 0.0475875
6.5 0.0459574
6.6 0.044761
6.7 0.0438155
6.8 0.0435003
6.9 0.0424537
7 0.0403194
7.1 0.0381947
7.2 0.0361995
7.3 0.0354942
7.4 0.0354625
7.5 0.0351299
7.6 0.0343052
7.7 0.0334192
7.8 0.0317981
7.9 0.0303724
8 0.028551
8.1 0.0265766
8.2 0.0257123
8.3 0.0254166
8.4 0.0251775
8.5 0.0235503
8.6 0.0213486
8.7 0.019001
8.8 0.0175446
8.9 0.0162603
9 0.0151046
9.1 0.0144853
9.2 0.0149356
9.3 0.0157646
9.4 0.0155594
9.5 0.0140956
9.6 0.0130368
9.7 0.0125658
9.8 0.0121592
9.9 0.0113717
10 0.0102201
