0 0.188338
0.1 0.30425
0.2 0.288982
0.3 0.264477
0.4 0.236405
0.5 0.227281
0.6 0.228121
0.7 0.245248
0.8 0.214537
0.9 0.201212
1 0.511538
1.1 0.200502
1.2 0.147073
1.3 0.122595
1.4 0.118423
1.5 0.123962
1.6 0.137045
1.7 0.14963
1.8 0.147769
1.9 0.156212
2 0.104754
2.1 0.0655465
2.2 0.059141
2.3 0.0549298
2.4 0.0664839
2.5 0.0833818
2.6 0.0695709
2.7 0.0559722
2.8 0.0618247
2.9 0.105243
3 0.364738
3.1 0.107284
3.2 0.077832
3.3 0.0705593
3.4 0.073714
3.5 0.0713591
3.6 0.0648919
3.7 0.0736078
3.8 0.123949
3.9 0.263226
4 0.917045
4.1 0.216173
4.2 0.0941464
4.3 0.0911002
4.4 0.075911
4.5 0.0685892
4.6 0.0696454
4.7 0.0822567
4.8 0.0787023
4.9 0.0949456
5 0.0757649
5.1 0.0646042
5.2 0.0589643
5.3 0.0517654
5.4 0.0458563
5.5 0.0483292
5.6 0.05143
5.7 0.0541558
5.8 0.06893
5.9 0.0705223
6 0.0607413
6.1 0.0599597
6.2 0.0525816
6.3 0.042765
6.4 0.040666
6.5 0.0415627
6.6 0.0416833
6.7 0.0444134
6.8 0.0520673
6.9 0.0508348
7 0.0444975
7.1 0.048686
7.2 0.0437412
7.3 0.0387778
7.4 0.036169
7.5 0.0359586
7.6 0.0257124
7.7 0.0233246
7.8 0.0258173
7.9 0.024842
8 0.0223086
8.1 0.0252893
8.2 0.0257946
8.3 0.0226902
8.4 0.0215102
8.5 0.0197586
8.6 0.017235
8.7 0.0148622
8.8 0.0137258
8.9 0.0121062
9 0.0150316
9.1 0.0159067
9.2 0.0189357
9.3 0.0141896
9.4 0.0143153
9.5 0.010139
9.6 0.0102934
9.7 0.010144
9.8 0.01021
9.9 0.0100171
10 0.0119632
