0 0.218897
0.05 0.310855
0.1 0.318356
0.15 0.305104
0.2 0.284421
0.25 0.264574
0.3 0.250512
0.35 0.237966
0.4 0.220992
0.45 0.214902
0.5 0.21801
0.55 0.221595
0.6 0.222535
0.65 0.228037
0.7 0.239929
0.75 0.23227
0.8 0.209515
0.85 0.190804
0.9 0.20144
0.95 0.306772
1 0.50399
1.05 0.306744
1.1 0.19602
1.15 0.16041
1.2 0.143023
1.25 0.131419
1.3 0.117111
1.35 0.109418
1.4 0.112245
1.45 0.116099
1.5 0.115561
1.55 0.118382
1.6 0.119736
1.65 0.12
1.7 0.116887
1.75 0.114889
1.8 0.113836
1.85 0.114595
1.9 0.121127
1.95 0.180272
2 0.296858
2.05 0.172138
2.1 0.0970908
2.15 0.0738066
2.2 0.0623876
2.25 0.0562735
2.3 0.0548055
2.35 0.059709
2.4 0.0663912
2.45 0.0741921
2.5 0.0796963
2.55 0.0773646
2.6 0.0660753
2.65 0.057276
2.7 0.0581566
2.75 0.0661657
2.8 0.0712646
2.85 0.075374
2.9 0.10447
2.95 0.202524
3 0.365224
3.05 0.204075
3.1 0.109165
3.15 0.0871961
3.2 0.0806048
3.25 0.0717457
3.3 0.0708543
3.35 0.0756781
3.4 0.0681521
3.45 0.0642674
3.5 0.063557
3.55 0.0593507
3.6 0.0566524
3.65 0.0600373
3.7 0.0656756
3.75 0.0800136
3.8 0.110453
3.85 0.158357
3.9 0.23303
3.95 0.496588
4 0.956626
4.05 0.497553
4.1 0.221284
4.15 0.128342
4.2 0.093176
4.25 0.0858641
4.3 0.0898568
4.35 0.0906973
4.4 0.0758283
4.45 0.0684648
4.5 0.0670287
4.55 0.0655094
4.6 0.0694029
4.65 0.0764851
4.7 0.0816564
4.75 0.0819157
4.8 0.0788358
4.85 0.0833745
4.9 0.0969221
4.95 0.0900762
5 0.074954
5.05 0.0687079
5.1 0.0639535
5.15 0.0588209
5.2 0.0591986
5.25 0.0591359
5.3 0.0516037
5.35 0.048644
5.4 0.0464286
5.45 0.0478594
5.5 0.048684
5.55 0.0494211
5.6 0.0529327
5.65 0.0542796
5.7 0.0568219
5.75 0.0622438
5.8 0.0700165
5.85 0.0719079
5.9 0.0684347
5.95 0.0604438
6 0.058564
6.05 0.0599298
6.1 0.0595651
6.15 0.0570665
6.2 0.0514435
6.25 0.0450732
6.3 0.0426277
6.35 0.0422837
6.4 0.0413148
6.45 0.0405655
6.5 0.0418071
6.55 0.0431967
6.6 0.0412523
6.65 0.0420161
6.7 0.0446934
6.75 0.046721
6.8 0.052498
6.85 0.0558715
6.9 0.0504331
6.95 0.0456022
7 0.0446964
7.05 0.0480627
7.1 0.0491075
7.15 0.0467262
7.2 0.0433725
7.25 0.0408011
7.3 0.0381197
7.35 0.0369298
7.4 0.035851
7.45 0.0370956
7.5 0.0361854
7.55 0.0313964
7.6 0.0256906
7.65 0.0240712
7.7 0.023202
7.75 0.0244927
7.8 0.0263757
7.85 0.0256092
7.9 0.0248594
7.95 0.0224763
8 0.0218186
8.05 0.023248
8.1 0.0250461
8.15 0.0280311
8.2 0.0261173
8.25 0.0235299
8.3 0.0227277
8.35 0.0233401
8.4 0.0214005
8.45 0.0208984
8.5 0.020093
8.55 0.0191278
8.6 0.0173238
8.65 0.0161288
8.7 0.0147965
8.75 0.0144842
8.8 0.0138424
8.85 0.0129204
8.9 0.0120484
8.95 0.0127327
9 0.0149896
9.05 0.0167827
9.1 0.0160723
9.15 0.017571
9.2 0.0188796
9.25 0.0170011
9.3 0.0142742
9.35 0.0147309
9.4 0.0143585
9.45 0.0109285
9.5 0.00988212
9.55 0.0102691
9.6 0.0105296
9.65 0.0105425
9.7 0.0100066
9.75 0.0103053
9.8 0.0104445
9.85 0.0101557
9.9 0.0100809
9.95 0.0105989
